4100 peso - 15 Kg
3640 peso - 25 Kg

2908 - 219
2949 - 59

Transportadora
89.823.918/0003-06

84439933

Classificação toner e impressora - 84439933
Peça - 84439931

Senf 1 = 16178, 132220, 143629, 113671, 113659,40897534, 145764, 145517,144897, 40897534, 143358,146483, 145764, 143211, 40995887,578102, 562297, 146398
145517, 	

Senf 2 = 146409, 146153, 578102, 143358, 40897534, 142295, 121819, 143216, 141802, 143419

Senf 3 = 141507, 141793, 135541, 123643, 113659, 145517, 144784.

Senf 4 = 141255, 85769, 144784, 40729607, 145517, 143712, 142023, 142644.

Senf 5 = 39989673, 145039, 146483, 145745, 141756, 142716.

Senf 6 = 123679, 145517, 146394, 145151, 114707, 142716.